Codi	Poblacio	Residential No Name(m)	Num Residential No Name	Living Street No Name(m)	Num Living Street No Name	Total No Name(m)	Total(Residential + Living street)	Perc280616
250019	Abella de la Conca	823,845	10	0,000	0	823,845	823,845	1,00
1080018	Abrera	13.386,874	96	0,000	0	13.386,874	57.117,559	0,23
250024	Àger	1.941,138	31	427,981	9	2.369,118	11.755,799	0,20
250030	Agramunt	3.653,254	66	0,000	0	3.653,254	32.932,415	0,11
1080023	Aguilar de Segarra	939,270	5	114,573	2	1.053,843	1.053,843	1,00
170010	Agullana	0,000	0	0,000	0	0,000	6.458,210	0,00
1080142	Aiguafreda	740,115	19	53,543	2	793,658	14.741,496	0,05
430017	Aiguamúrcia	2.642,873	14	153,608	4	2.796,481	18.669,276	0,15
170025	Aiguaviva	1.156,738	10	71,627	1	1.228,365	10.963,568	0,11
250387	Aitona	3.583,899	18	0,000	0	3.583,899	10.307,189	0,35
250058	Alàs i Cerc	1.866,979	26	716,634	11	2.583,613	4.635,332	0,56
170031	Albanyà	22,802	1	0,000	0	22,802	1.710,586	0,01
250077	Albatàrrec	4.831,275	23	0,000	0	4.831,275	10.627,239	0,45
250083	Albesa	2.847,259	20	0,000	0	2.847,259	10.519,643	0,27
430022	Albinyana	24,696	1	0,000	0	24,696	22.707,323	0,00
170046	Albons	513,653	6	103,740	3	617,393	8.435,829	0,07
430043	Alcanar	6.618,919	51	241,135	2	6.860,054	60.165,114	0,11
250100	Alcanó	802,366	11	0,000	0	802,366	2.492,472	0,32
250117	Alcarràs	13.190,687	79	376,989	3	13.567,676	35.349,090	0,38
250122	Alcoletge	4.659,778	41	0,000	0	4.659,778	17.999,885	0,26
430056	Alcover	18.493,405	65	393,125	17	18.886,530	32.474,120	0,58
430069	Aldover	752,458	11	0,000	0	752,458	2.788,869	0,27
1080039	Alella	2.965,828	31	1.317,608	7	4.283,436	61.568,821	0,07
430081	Alfara de Carles	498,463	5	320,440	11	818,903	2.485,090	0,33
250138	Alfarràs	3.663,402	39	0,000	0	3.663,402	11.531,374	0,32
250143	Alfés	0,000	0	88,494	2	88,494	2.743,622	0,03
430094	Alforja	4.055,807	40	0,000	0	4.055,807	16.041,397	0,25
250156	Algerri	284,675	3	234,402	6	519,077	4.156,518	0,12
250169	Alguaire	10.283,631	83	0,000	0	10.283,631	20.652,143	0,50
250175	Alins	420,067	3	2.809,353	34	3.229,419	4.260,321	0,76
430108	Alió	2.728,227	16	120,902	3	2.849,129	4.432,684	0,64
250194	Almacelles	6.462,960	31	0,000	0	6.462,960	30.650,733	0,21
250208	Almatret	978,588	2	0,000	0	978,588	3.063,814	0,32
250215	Almenar	1.971,847	15	752,588	9	2.724,435	16.848,803	0,16
430115	Almoster	3.787,868	6	132,453	4	3.920,321	10.492,189	0,37
250220	Alòs de Balaguer	0,000	0	92,212	4	92,212	1.906,748	0,05
170062	Alp	9.173,477	51	361,507	8	9.534,984	21.476,525	0,44
1080044	Alpens	203,296	5	862,774	12	1.066,070	2.786,603	0,38
250236	Alpicat	20.361,428	89	0,000	0	20.361,428	36.483,533	0,56
250241	Alt Àneu	1.230,834	17	673,239	11	1.904,073	7.666,784	0,25
430120	Altafulla	1.710,768	34	147,150	2	1.857,918	30.544,823	0,06
170078	Amer	227,257	5	35,330	2	262,587	8.647,775	0,03
430141	Amposta	4.814,151	52	0,000	0	4.814,151	88.684,391	0,05
170084	Anglès	409,395	4	515,633	6	925,028	16.351,112	0,06
250273	Anglesola	2.589,344	21	0,000	0	2.589,344	10.487,401	0,25
250292	Arbeca	704,568	12	76,117	2	780,685	21.013,814	0,04
430154	Arbolí	0,000	0	188,948	4	188,948	867,179	0,22
170097	Arbúcies	6.638,722	28	0,000	0	6.638,722	24.808,410	0,27
1080060	Arenys de Mar	7.273,239	57	0,000	0	7.273,239	40.783,707	0,18
1080076	Arenys de Munt	16.508,594	59	0,000	0	16.508,594	39.421,237	0,42
170101	Argelaguer	1.486,619	3	388,781	2	1.875,399	4.005,459	0,47
1080082	Argençola	2.065,805	16	1.025,696	11	3.091,501	3.621,220	0,85
1080095	Argentona	16.310,537	64	249,592	2	16.560,129	57.799,184	0,29
430189	Arnes	8,624	1	940,944	17	949,568	3.945,730	0,24
250313	Arres	28,376	2	290,965	12	319,341	1.136,687	0,28
250328	Arsèguel	620,716	10	0,000	0	620,716	1.217,907	0,51
1080109	Artés	2.309,364	40	113,193	3	2.422,556	25.012,426	0,10
250334	Artesa de Lleida	2.558,160	26	290,308	6	2.848,467	8.426,737	0,34
250349	Artesa de Segre	5.808,309	113	1.860,465	26	7.668,774	25.425,943	0,30
430192	Ascó	2.304,354	12	475,839	12	2.780,193	10.256,586	0,27
250365	Aspa	1.039,879	10	417,348	5	1.457,228	3.155,569	0,46
1080116	Avià	2.123,947	23	604,326	3	2.728,273	9.030,651	0,30
1080121	Avinyó	4.316,888	26	213,677	3	4.530,565	14.977,932	0,30
170123	Avinyonet de Puigventós	0,000	0	0,000	0	0,000	10.005,308	0,00
1080137	Avinyonet del Penedès	0,000	0	0,000	0	0,000	16.498,342	0,00
1080155	Badalona	693,922	6	0,000	0	693,922	233.531,279	0,00
1089045	Badia del Vallès	935,575	15	0,000	0	935,575	4.929,854	0,19
1080168	Bagà	4.062,827	39	0,000	0	4.062,827	7.762,230	0,52
250390	Baix Pallars	1.613,227	21	0,000	0	1.613,227	2.988,239	0,54
250404	Balaguer	16.956,171	117	0,000	0	16.956,171	46.622,937	0,36
1080174	Balenyà	5.621,869	43	0,000	0	5.621,869	15.972,463	0,35
1080180	Balsareny	4.197,193	45	0,000	0	4.197,193	16.637,190	0,25
430206	Banyeres del Penedès	309,992	4	0,000	0	309,992	30.091,537	0,01
170157	Banyoles	737,380	7	0,000	0	737,380	66.366,985	0,01
250411	Barbens	2.108,313	16	0,000	0	2.108,313	6.539,784	0,32
430213	Barberà de la Conca	577,707	6	0,000	0	577,707	6.256,683	0,09
1082520	Barberà del Vallès	14.566,473	132	647,652	5	15.214,125	77.841,084	0,20
1080193	Barcelona	21.412,326	233	600,519	11	22.012,845	932.660,734	0,02
170160	Bàscara	4.194,473	38	0,000	0	4.194,473	10.143,251	0,41
250447	Bassella	761,707	7	153,934	2	915,641	1.157,625	0,79
430228	Batea	1.513,977	23	0,000	0	1.513,977	9.725,669	0,16
250450	Bausen	679,033	10	0,000	0	679,033	1.056,078	0,64
1080207	Begues	2.666,516	30	0,000	0	2.666,516	50.805,817	0,05
170139	Begur	28.536,578	138	691,823	9	29.228,401	91.830,348	0,32
250463	Belianes	1.045,043	19	0,000	0	1.045,043	4.982,037	0,21
251706	Bellaguarda	64,996	2	0,000	0	64,996	1.868,195	0,03
170182	Bellcaire d'Empordà	1.506,332	13	0,000	0	1.506,332	6.221,074	0,24
250479	Bellcaire d'Urgell	10.253,538	56	0,000	0	10.253,538	11.992,456	0,85
250485	Bell-lloc d'Urgell	12.381,351	72	0,000	0	12.381,351	21.049,758	0,59
430234	Bellmunt del Priorat	2.875,375	18	0,000	0	2.875,375	2.875,375	1,00
250498	Bellmunt d'Urgell	386,950	6	0,000	0	386,950	3.243,369	0,12
1080214	Bellprat	0,000	0	0,000	0	0,000	1.073,241	0,00
250501	Bellpuig	17.448,114	111	0,000	0	17.448,114	20.986,873	0,83
430249	Bellvei	175,084	3	0,000	0	175,084	25.379,902	0,01
250518	Bellver de Cerdanya	11.357,287	79	3.223,674	34	14.580,960	31.229,729	0,47
250523	Bellvís	1.404,720	30	69,615	1	1.474,334	17.352,628	0,08
250539	Benavent de Segrià	1.610,785	18	0,000	0	1.610,785	5.012,649	0,32
430252	Benifallet	2.197,502	35	0,000	0	2.197,502	4.425,425	0,50
430265	Benissanet	1.955,934	18	0,000	0	1.955,934	4.926,533	0,40
1080229	Berga	20.391,862	146	1.525,238	10	21.917,099	44.998,863	0,49
170195	Besalú	363,806	1	0,000	0	363,806	18.635,541	0,02
170209	Bescanó	218,905	6	0,000	0	218,905	40.392,798	0,01
170216	Beuda	0,000	0	0,000	0	0,000	247,529	0,00
1080235	Bigues i Riells	10.584,554	57	191,735	3	10.776,289	114.040,634	0,09
250557	Biosca	2.259,525	32	0,000	0	2.259,525	2.681,686	0,84
172348	Biure	0,000	0	1.611,105	17	1.611,105	2.378,388	0,68
430290	Blancafort	1.172,194	13	0,000	0	1.172,194	4.235,698	0,28
170237	Blanes	3.124,371	47	0,000	0	3.124,371	83.129,375	0,04
170293	Boadella i les Escaules	170,032	5	0,000	0	170,032	2.578,896	0,07
170242	Bolvir	3.865,391	28	0,000	0	3.865,391	24.859,255	0,16
430304	Bonastre	0,000	0	0,000	0	0,000	8.563,863	0,00
170255	Bordils	0,000	0	0,000	0	0,000	11.270,029	0,00
170268	Borrassà	0,000	0	0,000	0	0,000	5.693,015	0,00
1080240	Borredà	3.737,154	31	0,000	0	3.737,154	4.276,619	0,87
250595	Bossòst	840,019	20	0,000	0	840,019	5.736,018	0,15
430326	Bot	1.153,106	18	0,000	0	1.153,106	5.095,428	0,23
430332	Botarell	1.877,356	10	0,000	0	1.877,356	6.094,770	0,31
250560	Bovera	266,083	5	0,000	0	266,083	2.513,246	0,11
430347	Bràfim	4.245,642	15	0,000	0	4.245,642	8.323,587	0,51
170274	Breda	6.051,981	43	0,000	0	6.051,981	16.328,003	0,37
170280	Brunyola	290,353	3	0,000	0	290,353	2.272,051	0,13
430350	Cabacés	2.669,139	21	0,000	0	2.669,139	4.677,998	0,57
250609	Cabanabona	640,473	17	0,000	0	640,473	1.806,946	0,35
170314	Cabanelles	13,288	1	0,000	0	13,288	709,471	0,02
170307	Cabanes	0,000	0	0,000	0	0,000	3.607,615	0,00
250616	Cabó	762,996	9	0,000	0	762,996	762,996	1,00
430363	Cabra del Camp	301,500	5	0,000	0	301,500	26.088,487	0,01
1080288	Cabrera d'Anoia	11.010,568	42	0,000	0	11.010,568	36.350,710	0,30
1080291	Cabrera de Mar	3.271,249	26	1.510,785	13	4.782,035	31.621,324	0,15
1080305	Cabrils	4.895,858	56	441,600	10	5.337,458	51.648,012	0,10
170329	Cadaqués	42,461	2	295,487	1	337,948	31.797,955	0,01
1080312	Calaf	6.115,491	57	202,476	9	6.317,967	17.507,848	0,36
430379	Calafell	596,955	8	0,000	0	596,955	155.955,794	0,00
1080348	Calders	1.899,454	19	0,000	0	1.899,454	14.086,433	0,13
170335	Caldes de Malavella	11.799,845	53	0,000	0	11.799,845	78.015,453	0,15
1080333	Caldes de Montbui	9.915,142	70	557,312	7	10.472,454	89.490,017	0,12
1080327	Caldes d'Estrac	4.421,789	16	133,438	4	4.555,227	14.278,571	0,32
1080351	Calella	15.677,963	72	382,300	5	16.060,263	35.862,200	0,45
1080370	Calldetenes	2.292,835	37	0,000	0	2.292,835	15.199,562	0,15
1080386	Callús	3.776,081	30	564,760	4	4.340,841	9.553,127	0,45
170340	Calonge	2.035,844	17	0,000	0	2.035,844	137.131,361	0,01
1080364	Calonge de Segarra	1.691,038	17	154,530	2	1.845,568	1.845,568	1,00
250621	Camarasa	3.951,210	42	182,446	2	4.133,655	8.618,349	0,48
439039	Camarles	1.836,644	15	0,000	0	1.836,644	18.785,065	0,10
430385	Cambrils	15.956,725	232	160,450	1	16.117,175	151.814,880	0,11
170353	Camós	1.639,148	19	552,277	7	2.191,425	5.415,979	0,40
170366	Campdevànol	10.200,356	58	0,000	0	10.200,356	18.427,467	0,55
170372	Campelles	1.796,386	14	0,000	0	1.796,386	1.796,386	1,00
1080399	Campins	3.985,807	16	0,000	0	3.985,807	5.393,488	0,74
170388	Campllong	1.011,121	6	0,000	0	1.011,121	4.864,681	0,21
170391	Camprodon	6.663,117	73	0,000	0	6.663,117	19.328,711	0,34
250637	Canejan	824,564	12	0,000	0	824,564	937,905	0,88
170405	Canet d'Adri	165,499	1	0,000	0	165,499	6.137,663	0,03
1080403	Canet de Mar	6.942,809	79	6,902	1	6.949,711	35.383,853	0,20
1080410	Canovelles	2.515,487	20	0,000	0	2.515,487	38.612,501	0,07
1080425	Cànoves i Samalús	15.291,935	64	0,000	0	15.291,935	27.428,492	0,56
170412	Cantallops	344,428	8	0,000	0	344,428	5.389,473	0,06
1080431	Canyelles	0,000	0	0,000	0	0,000	56.600,589	0,00
430398	Capafonts	1.581,898	20	0,000	0	1.581,898	2.233,871	0,71
430402	Capçanes	2.618,334	16	0,000	0	2.618,334	2.618,334	1,00
1080446	Capellades	1.531,918	15	0,000	0	1.531,918	16.930,765	0,09
170427	Capmany	0,000	0	0,000	0	0,000	5.821,772	0,00
1080459	Capolat	80,158	1	0,000	0	80,158	80,158	1,00
1080462	Cardedeu	6.888,568	64	0,000	0	6.888,568	68.541,425	0,10
1080478	Cardona	10.286,515	55	761,469	14	11.047,984	20.149,488	0,55
1080484	Carme	1.197,673	17	0,000	0	1.197,673	10.213,994	0,12
430419	Caseres	895,647	12	0,000	0	895,647	2.242,121	0,40
170448	Cassà de la Selva	2.772,282	10	0,000	0	2.772,282	37.911,147	0,07
1080497	Casserres	2.191,869	17	396,770	7	2.588,639	8.274,958	0,31
1080575	Castell de l'Areny	798,693	3	0,000	0	798,693	798,693	1,00
259046	Castell de Mur	1.776,102	17	0,000	0	1.776,102	3.079,276	0,58
250642	Castellar de la Ribera	320,632	2	0,000	0	320,632	320,632	1,00
1080522	Castellar de n'Hug	976,744	4	2.601,638	19	3.578,382	4.679,272	0,76
1080500	Castellar del Riu	1.576,743	9	0,000	0	1.576,743	1.576,743	1,00
1080517	Castellar del Vallès	36.178,290	144	481,516	4	36.659,806	102.278,299	0,36
1080538	Castellbell i el Vilar	20.631,840	106	0,000	0	20.631,840	36.744,874	0,56
1080543	Castellbisbal	7.244,944	53	21,739	1	7.266,682	81.649,813	0,09
1080556	Castellcir	390,915	2	0,000	0	390,915	12.335,940	0,03
250674	Castelldans	3.594,005	27	0,000	0	3.594,005	5.304,725	0,68
1080569	Castelldefels	16.064,047	189	67,883	4	16.131,930	140.324,242	0,11
1080581	Castellet i la Gornal	0,000	0	0,000	0	0,000	38.465,195	0,00
170464	Castellfollit de la Roca	1.169,181	14	0,000	0	1.169,181	2.710,475	0,43
1080608	Castellfollit de Riubregós	0,000	0	97,117	5	97,117	1.406,590	0,07
1080594	Castellfollit del Boix	1.211,611	7	0,000	0	1.211,611	1.269,962	0,95
1080615	Castellgalí	7.097,536	54	0,000	0	7.097,536	22.969,551	0,31
1080620	Castellnou de Bages	3.621,086	27	0,000	0	3.621,086	17.969,025	0,20
250680	Castellnou de Seana	851,512	14	0,000	0	851,512	5.100,326	0,17
250693	Castelló de Farfanya	4.685,363	39	0,000	0	4.685,363	6.562,764	0,71
170470	Castelló d'Empúries	1.694,020	35	0,000	0	1.694,020	86.832,890	0,02
1080636	Castellolí	1.669,313	15	0,000	0	1.669,313	4.379,806	0,38
170486	Castell-Platja d'Aro	1.760,692	19	0,000	0	1.760,692	123.064,018	0,01
250707	Castellserà	6.559,167	42	0,000	0	6.559,167	7.436,549	0,88
1080641	Castellterçol	1.223,255	25	0,000	0	1.223,255	17.175,481	0,07
430424	Castellvell del Camp	18.882,998	51	0,000	0	18.882,998	26.759,613	0,71
1080654	Castellví de la Marca	17,328	1	0,000	0	17,328	6.989,642	0,00
1080667	Castellví de Rosanes	10.010,526	26	0,000	0	10.010,526	20.617,918	0,49
250714	Cava	1.820,553	21	0,000	0	1.820,553	1.841,132	0,99
170499	Celrà	523,988	7	0,000	0	523,988	33.537,919	0,02
1080673	Centelles	6.068,286	84	247,426	8	6.315,711	32.985,049	0,19
1082687	Cercs	5.457,145	49	67,740	1	5.524,885	11.609,586	0,48
1082665	Cerdanyola del Vallès	13.951,090	133	118,999	3	14.070,090	116.169,344	0,12
1080689	Cervelló	5.723,994	51	0,000	0	5.723,994	56.759,995	0,10
250729	Cervera	12.506,408	123	270,626	4	12.777,034	51.094,235	0,25
250735	Cervià de les Garrigues	335,263	7	0,000	0	335,263	4.906,272	0,07
170502	Cervià de Ter	305,392	9	0,000	0	305,392	7.062,712	0,04
170519	Cistella	2.000,140	11	0,000	0	2.000,140	3.217,697	0,62
250740	Ciutadilla	452,674	8	0,000	0	452,674	2.337,381	0,19
250753	Clariana de Cardener	293,399	3	0,000	0	293,399	293,399	1,00
170545	Colera	313,326	11	92,144	1	405,470	9.219,542	0,04
250772	Coll de Nargó	1.959,317	22	1.015,114	25	2.974,431	4.589,797	0,65
1080692	Collbató	10.985,503	73	228,482	2	11.213,985	46.655,198	0,24
430458	Colldejou	1.351,692	20	0,000	0	1.351,692	1.767,417	0,76
1080706	Collsuspina	299,279	4	0,000	0	299,279	5.113,101	0,06
170558	Colomers	212,223	2	847,114	12	1.059,337	3.118,452	0,34
251615	Conca de Dalt	4.306,437	34	905,195	8	5.211,632	5.495,868	0,95
430461	Conesa	1.749,418	26	0,000	0	1.749,418	1.749,418	1,00
430477	Constantí	12.591,533	83	76,414	1	12.667,947	43.610,480	0,29
1080713	Copons	1.444,440	16	0,000	0	1.444,440	1.444,440	1,00
1080728	Corbera de Llobregat	18.225,127	86	80,662	1	18.305,789	132.268,259	0,14
430483	Corbera d'Ebre	1.619,362	21	0,000	0	1.619,362	7.641,361	0,21
250788	Corbins	1.337,448	17	0,000	0	1.337,448	8.110,830	0,16
170577	Corçà	5.516,182	28	819,887	10	6.336,068	9.685,641	0,65
1080734	Cornellà de Llobregat	681,079	10	0,000	0	681,079	79.269,417	0,01
170561	Cornellà del Terri	741,084	7	382,321	5	1.123,405	16.359,638	0,07
430496	Cornudella de Montsant	3.051,417	39	0,000	0	3.051,417	6.827,950	0,45
430509	Creixell	4.999,309	55	48,329	1	5.047,638	47.978,670	0,11
170583	Crespià	52,609	1	29,986	1	82,595	2.454,869	0,03
179011	Cruïlles	4079,088077	29,000	1817,789459	19,000	5.896,878	9.970,669	0,59
1080749	Cubelles	333,141	8	0,000	0	333,141	82.860,698	0,00
250791	Cubells	2.875,046	43	0,000	0	2.875,046	7.904,467	0,36
430516	Cunit	9,683	1	0,000	0	9,683	100.149,018	0,00
170600	Darnius	0,000	0	0,000	0	0,000	4.138,225	0,00
170617	Das	6.591,135	24	0,000	0	6.591,135	10.349,943	0,64
439018	Deltebre	11.848,753	96	0,000	0	11.848,753	81.913,429	0,14
1080752	Dosrius	19.947,019	82	107,744	1	20.054,763	54.729,504	0,37
430537	Duesaigües	2.024,848	24	0,000	0	2.024,848	2.505,103	0,81
1080253	el Bruc	5.644,851	38	0,000	0	5.644,851	25.165,496	0,22
1080266	el Brull	571,970	4	0,000	0	571,970	3.310,800	0,17
430430	el Catllar	36.512,131	177	0,000	0	36.512,131	68.332,853	0,53
250766	el Cogul	1.423,936	17	0,000	0	1.423,936	2.350,852	0,61
170059	el Far d'Empordà	0,000	0	0,000	0	0,000	6.959,281	0,00
430727	el Lloar	1.497,733	9	0,000	0	1.497,733	1.672,335	0,90
1081189	el Masnou	2.457,436	23	71,847	1	2.529,283	52.387,038	0,05
430825	el Masroig	403,509	13	0,000	0	403,509	3.199,177	0,13
430831	el Milà	0,000	0	0,000	0	0,000	1.016,593	0,00
430859	el Molar	238,489	7	0,000	0	238,489	2.371,024	0,10
430901	el Montmell	0,000	0	0,000	0	0,000	27.923,782	0,00
430957	el Morell	2.491,020	19	0,000	0	2.491,020	13.381,481	0,19
251581	el Palau d'Anglesola	14.405,292	93	0,000	0	14.405,292	31.116,284	0,46
1081580	el Papiol	2.426,178	26	0,000	0	2.426,178	15.781,795	0,15
431042	el Perelló	6.858,863	48	0,000	0	6.858,863	19.394,452	0,35
431068	el Pinell de Brai	4.208,946	54	0,000	0	4.208,946	6.434,943	0,65
431080	el Pla de Santa Maria	24.264,717	105	0,000	0	24.264,717	22.319,429	1,09
1081640	el Pla del Penedès	0,000	0	0,000	0	0,000	4.460,767	0,00
251689	el Poal	1.179,265	14	0,000	0	1.179,265	6.830,763	0,17
431135	el Pont d'Armentera	2.923,928	20	0,000	0	2.923,928	3.871,367	0,76
250306	el Pont de Bar	3.464,113	33	740,323	7	4.204,436	4.204,436	1,00
251734	el Pont de Suert	8.976,694	67	608,808	7	9.585,502	13.922,747	0,69
1081825	el Pont de Vilomara i Rocafort	7.419,555	62	65,911	3	7.485,466	33.527,889	0,22
171404	el Port de la Selva	12.831,045	93	0,000	0	12.831,045	29.289,019	0,44
1081691	el Prat de Llobregat	19.530,913	190	885,498	12	20.416,411	67.524,664	0,30
431346	el Rourell	2.383,863	13	0,000	0	2.383,863	2.383,863	1,00
252069	el Soleràs	198,963	4	0,000	0	198,963	2.273,675	0,09
431634	el Vendrell	1.164,441	23	20,364	1	1.184,805	207.752,211	0,01
252537	el Vilosell	96,936	1	0,000	0	96,936	3.184,973	0,03
250045	els Alamús	1.175,377	8	0,000	0	1.175,377	3.925,921	0,30
430666	els Garidells	3.718,661	18	0,000	0	3.718,661	3.718,661	1,00
430705	els Guiamets	467,315	5	0,000	0	467,315	1.583,012	0,30
1081629	els Hostalets de Pierola	8.194,826	39	0,000	0	8.194,826	35.564,319	0,23
251538	els Omellons	349,800	3	0,000	0	349,800	2.337,613	0,15
251543	els Omells de na Gaia	485,454	7	0,000	0	485,454	3.175,323	0,15
431009	els Pallaresos	6.900,851	60	0,000	0	6.900,851	41.270,520	0,17
259118	els Plans de Sió	4.394,232	56	0,000	0	4.394,232	8.313,180	0,53
1081705	els Prats de Rei	1.234,614	15	0,000	0	1.234,614	3.693,628	0,33
252249	els Torms	707,807	14	0,000	0	707,807	1.731,195	0,41
250576	es Bòrdes	1.363,120	17	0,000	0	1.363,120	2.733,317	0,50
1080765	Esparreguera	29.411,088	138	0,000	0	29.411,088	60.953,301	0,48
170638	Espinelves	929,251	9	0,000	0	929,251	2.701,181	0,34
1080771	Esplugues de Llobregat	194,844	9	0,000	0	194,844	57.096,392	0,00
170643	Espolla	0,000	0	0,000	0	0,000	4.527,655	0,00
170656	Esponellà	139,989	1	764,011	5	904,000	1.562,127	0,58
250827	Espot	3.533,670	37	0,000	0	3.533,670	5.222,892	0,68
250886	Estamariu	108,383	2	0,000	0	108,383	1.236,436	0,09
250851	Estaràs	2.553,777	17	0,000	0	2.553,777	3.193,185	0,80
250864	Esterri d'Àneu	3.479,088	23	0,000	0	3.479,088	7.643,886	0,46
250870	Esterri de Cardós	354,637	6	0,000	0	354,637	354,637	1,00
430555	Falset	4.540,880	58	0,000	0	4.540,880	11.730,749	0,39
250899	Farrera	696,704	4	945,606	9	1.642,310	1.689,850	0,97
1081347	Figaró-Montmany	548,578	2	0,000	0	548,578	8.048,151	0,07
1080804	Fígols	578,384	8	0,000	0	578,384	578,384	1,00
259084	Fígols i Alinyà	2.188,044	21	822,706	4	3.010,751	3.467,989	0,87
170669	Figueres	12,446	2	0,000	0	12,446	95.505,250	0,00
430593	Figuerola del Camp	2.122,679	27	0,000	0	2.122,679	2.250,742	0,94
170675	Flaçà	0,000	0	0,000	0	0,000	7.258,794	0,00
430607	Flix	4.502,507	48	0,000	0	4.502,507	21.544,280	0,21
1080826	Fogars de la Selva	1.883,746	9	0,000	0	1.883,746	22.715,028	0,08
1080811	Fogars de Montclús	2.436,682	12	0,000	0	2.436,682	2.436,682	1,00
170681	Foixà	502,274	2	636,137	2	1.138,411	2.554,647	0,45
1080832	Folgueroles	1.171,244	17	96,890	1	1.268,134	11.748,769	0,11
250931	Fondarella	5.325,351	30	0,000	0	5.325,351	7.072,876	0,75
1080847	Fonollosa	4.051,247	36	0,000	0	4.051,247	16.560,155	0,24
170694	Fontanals de Cerdanya	11.454,990	70	0,000	0	11.454,990	14.852,582	0,77
170708	Fontanilles	1.109,905	10	705,160	10	1.815,065	2.680,605	0,68
170715	Fontcoberta	218,970	1	658,905	11	877,875	9.289,929	0,09
1080850	Font-rubí	0,000	0	0,000	0	0,000	8.317,274	0,00
250946	Foradada	412,707	6	755,730	8	1.168,437	3.736,052	0,31
179026	Forallac	11.407,352	58	162,730	2	11.570,082	23.186,215	0,50
430614	Forès	1.501,047	29	0,000	0	1.501,047	2.031,583	0,74
170736	Fornells de la Selva	2.754,202	8	0,000	0	2.754,202	26.709,890	0,10
170741	Fortià	0,000	0	0,000	0	0,000	7.841,097	0,00
430629	Freginals	210,092	2	0,000	0	210,092	2.365,522	0,09
250978	Fulleda	897,594	14	0,000	0	897,594	1.934,703	0,46
1080902	Gaià	562,011	5	0,000	0	562,011	562,011	1,00
1080879	Gallifa	1.424,609	7	0,000	0	1.424,609	3.593,068	0,40
430640	Gandesa	3.197,113	32	0,000	0	3.197,113	14.858,720	0,22
430653	Garcia	2.873,904	41	0,000	0	2.873,904	4.755,538	0,60
170754	Garrigàs	1.375,191	8	368,512	4	1.743,703	3.827,723	0,46
170767	Garrigoles	513,421	5	1.022,477	10	1.535,898	2.307,176	0,67
170773	Garriguella	222,379	2	0,000	0	222,379	10.593,755	0,02
1080898	Gavà	11.389,566	77	31,897	1	11.421,463	85.358,945	0,13
250984	Gavet de la Conca	4.864,409	61	1.695,901	18	6.560,310	6.560,310	1,00
1080919	Gelida	88,774	2	0,000	0	88,774	35.050,780	0,00
170789	Ger	4.098,992	30	0,000	0	4.098,992	11.958,158	0,34
259123	Gimenells i el Pla de la Font	3.058,528	17	0,000	0	3.058,528	11.026,643	0,28
430672	Ginestar	1.938,809	30	0,000	0	1.938,809	3.887,371	0,50
170792	Girona	1.284,472	18	20,241	2	1.304,713	199.546,916	0,01
1080924	Gironella	8.777,258	78	609,783	8	9.387,041	18.082,041	0,52
1080930	Gisclareny	0,000	0	0,000	0	0,000	0,000	1,00
430688	Godall	58,224	1	0,000	0	58,224	5.075,770	0,01
250997	Golmés	17.369,139	78	0,000	0	17.369,139	22.496,414	0,77
170806	Gombrèn	7.142,533	27	0,000	0	7.142,533	7.739,101	0,92
251001	Gósol	1.035,569	8	2.809,150	22	3.844,720	4.094,714	0,94
1080958	Granera	296,812	3	0,000	0	296,812	947,850	0,31
1080961	Granollers	14.267,639	73	0,000	0	14.267,639	109.209,124	0,13
251039	Granyanella	5.228,951	44	0,000	0	5.228,951	6.388,491	0,82
251057	Granyena de les Garrigues	206,559	5	0,000	0	206,559	1.853,183	0,11
251044	Granyena de Segarra	1.984,878	17	0,000	0	1.984,878	1.984,878	1,00
430691	Gratallops	3.333,316	42	0,000	0	3.333,316	3.611,948	0,92
1080977	Gualba	3.574,015	23	0,000	0	3.574,015	18.549,839	0,19
170813	Gualta	366,217	6	3.353,310	14	3.719,527	4.405,822	0,84
1080996	Guardiola de Berguedà	2.552,399	18	0,000	0	2.552,399	4.853,314	0,53
170828	Guils de Cerdanya	5.163,196	45	0,000	0	5.163,196	14.779,045	0,35
251095	Guimerà	2.154,773	37	0,000	0	2.154,773	4.059,925	0,53
251109	Guissona	7.025,219	54	0,000	0	7.025,219	21.360,965	0,33
251116	Guixers	1.439,248	4	0,000	0	1.439,248	1.439,248	1,00
1081000	Gurb	8.847,194	57	1.183,151	6	10.030,345	33.906,062	0,30
430712	Horta de Sant Joan	2.032,992	18	0,000	0	2.032,992	9.783,889	0,21
170834	Hostalric	286,231	10	0,000	0	286,231	20.849,252	0,01
1081022	Igualada	4.312,833	54	246,127	2	4.558,959	95.535,892	0,05
251155	Isona i Conca Dellà	4.960,757	58	3.711,712	55	8.672,469	17.538,165	0,49
170849	Isòvol	1.501,345	17	1.539,316	12	3.040,661	5.955,267	0,51
251121	Ivars de Noguera	3.766,032	27	0,000	0	3.766,032	3.884,166	0,97
251137	Ivars d'Urgell	4.180,259	45	0,000	0	4.180,259	10.421,004	0,40
251142	Ivorra	475,598	9	0,000	0	475,598	1.312,443	0,36
170852	Jafre	3.579,296	23	0,000	0	3.579,296	3.792,778	0,94
1081038	Jorba	6.699,507	39	0,000	0	6.699,507	9.074,673	0,74
259101	Josa i Tuixén	3.394,704	33	0,000	0	3.394,704	3.394,704	1,00
170871	Juià	0,000	0	0,000	0	0,000	1.589,942	0,00
251180	Juncosa	7.701,217	27	0,000	0	7.701,217	7.701,217	1,00
251193	Juneda	2.192,395	24	102,191	2	2.294,587	13.643,424	0,17
250426	la Baronia de Rialb	2.330,003	14	0,000	0	2.330,003	2.330,003	1,00
430271	la Bisbal de Falset	2.947,777	20	0,000	0	2.947,777	2.947,777	1,00
430287	la Bisbal del Penedès	3,118	1	0,000	0	3,118	67.910,989	0,00
170221	la Bisbal d'Empordà	7.897,845	58	101,279	3	7.999,124	33.977,264	0,24
439076	la Canonja	13.283,715	66	0,000	0	13.283,715	25.772,433	0,52
171899	la Cellera de Ter	0,000	0	0,000	0	0,000	11.806,307	0,00
251636	la Coma i la Pedra	6.068,941	28	0,000	0	6.068,941	11.527,773	0,53
430568	la Fatarella	7.963,526	21	0,000	0	7.963,526	11.366,169	0,70
430574	la Febró	271,250	3	0,000	0	271,250	995,490	0,27
430580	la Figuera	408,534	5	0,000	0	408,534	1.716,745	0,24
250925	la Floresta	1.150,643	12	0,000	0	1.150,643	1.843,417	0,62
250962	la Fuliola	5.208,883	46	0,000	0	5.208,883	9.175,954	0,57
430635	la Galera	535,308	7	0,000	0	535,308	5.585,447	0,10
1080885	la Garriga	11.539,044	112	560,537	9	12.099,581	65.318,399	0,19
1080945	la Granada	178,889	2	0,000	0	178,889	11.036,391	0,02
251018	la Granadella	786,262	14	0,000	0	786,262	4.995,816	0,16
251023	la Granja d'Escarp	2.644,114	20	0,000	0	2.644,114	3.536,714	0,75
259031	la Guingueta d'Àneu	3.010,842	30	1.858,358	19	4.869,200	5.323,214	0,91
170865	la Jonquera	4.238,553	64	0,000	0	4.238,553	19.557,083	0,22
1081043	la Llacuna	0,000	0	0,000	0	0,000	12.592,793	0,00
1081056	la Llagosta	2.416,073	28	922,600	9	3.338,673	18.484,306	0,18
430803	la Masó	0,000	0	0,000	0	0,000	1.063,739	0,00
251364	la Molsosa	1.821,200	16	354,967	5	2.176,167	2.176,167	1,00
430960	la Morera de Montsant	1.043,606	12	0,000	0	1.043,606	2.044,900	0,51
1081424	la Nou de Berguedà	1.121,071	6	0,000	0	1.121,071	1.121,071	1,00
430976	la Nou de Gaià	48,789	2	82,582	5	131,371	3.371,730	0,04
1089058	la Palma de Cervelló	935,411	7	0,000	0	935,411	9.922,700	0,09
430995	la Palma d'Ebre	5.445,021	44	0,000	0	5.445,021	5.445,021	1,00
171306	la Pera	2.037,185	22	0,000	0	2.037,185	2.927,137	0,70
251692	la Pobla de Cérvoles	157,564	2	0,000	0	157,564	2.312,675	0,07
1081653	la Pobla de Claramunt	7.298,817	39	0,000	0	7.298,817	20.174,135	0,36
1081666	la Pobla de Lillet	5.681,583	54	0,000	0	5.681,583	6.856,571	0,83
431093	la Pobla de Mafumet	11.967,456	62	0,000	0	11.967,456	17.520,180	0,68
431107	la Pobla de Massaluca	390,985	8	0,000	0	390,985	2.408,749	0,16
431114	la Pobla de Montornès	4.128,118	49	70,243	1	4.198,361	37.591,443	0,11
251713	la Pobla de Segur	3.314,439	39	0,000	0	3.314,439	11.524,397	0,29
251749	la Portella	1.921,103	21	0,000	0	1.921,103	2.403,890	0,80
1081770	la Quar	0,000	0	20,396	1	20,396	20,396	1,00
431248	la Riba	2.952,488	30	0,000	0	2.952,488	3.521,941	0,84
431264	la Riera de Gaià	4.434,658	24	0,000	0	4.434,658	9.260,470	0,48
1081810	la Roca del Vallès	13.756,116	68	351,410	2	14.107,526	58.590,247	0,24
431444	la Secuita	8.213,715	47	0,000	0	8.213,715	18.618,219	0,44
171886	la Selva de Mar	2.026,973	19	0,000	0	2.026,973	2.832,240	0,72
431457	la Selva del Camp	2.188,647	33	0,000	0	2.188,647	16.124,135	0,14
430445	la Sénia	5.079,123	28	0,000	0	5.079,123	29.671,174	0,17
250352	la Sentiu de Sió	2.674,495	15	0,000	0	2.674,495	8.031,184	0,33
252038	la Seu d'Urgell	16.181,681	105	1.761,764	25	17.943,445	33.503,271	0,54
171959	la Tallada d'Empordà	2.244,209	23	0,000	0	2.244,209	6.209,814	0,36
252271	la Torre de Cabdella	4.188,969	61	198,802	3	4.387,771	6.186,667	0,71
1082861	la Torre de Claramunt	1.211,729	19	0,000	0	1.211,729	50.910,415	0,02
431515	la Torre de Fontaubella	660,382	7	0,000	0	660,382	1.674,613	0,39
431520	la Torre de l'Espanyol	883,630	7	0,000	0	883,630	4.412,979	0,20
170144	La Vajol	0,000	0	0,000	0	0,000	1.547,914	0,00
172082	la Vall de Bianya	4.054,630	34	0,000	0	4.054,630	7.805,508	0,52
250432	la Vall de Boí	5.295,346	69	530,036	9	5.825,382	12.388,018	0,47
172076	la Vall d'en Bas	7.937,137	60	416,907	2	8.354,044	18.357,489	0,46
259097	la Vansa i Fórnols	2.525,909	28	763,097	8	3.289,007	3.289,007	1,00
431732	la Vilella Alta	2.305,317	21	0,000	0	2.305,317	2.429,386	0,95
431747	la Vilella Baixa	1.339,084	11	0,000	0	1.339,084	3.371,494	0,40
250061	l'Albagés	1.204,712	12	0,000	0	1.204,712	3.395,697	0,35
250096	l'Albi	258,845	7	697,007	12	955,852	8.096,800	0,12
430038	l'Albiol	1.520,177	5	0,000	0	1.520,177	8.282,139	0,18
439044	l'Aldea	13.095,515	47	0,000	0	13.095,515	31.287,299	0,42
430075	l'Aleixar	4.561,744	23	96,519	3	4.658,264	6.610,471	0,70
430136	l'Ametlla de Mar	25.510,513	237	82,998	1	25.593,511	116.103,453	0,22
1080057	l'Ametlla del Vallès	34.235,846	132	243,114	3	34.478,960	82.674,915	0,42
439060	l'Ampolla	8.271,657	91	0,000	0	8.271,657	34.137,447	0,24
430167	l'Arboç	140,510	4	0,000	0	140,510	19.810,970	0,01
430173	l'Argentera	312,232	8	0,000	0	312,232	1.420,784	0,22
170118	l'Armentera	945,102	19	0,000	0	945,102	11.103,827	0,09
251214	Les	3.531,304	34	185,365	2	3.716,669	7.162,373	0,52
250371	les Avellanes i Santa Linya	1.909,870	37	346,176	8	2.256,046	7.357,889	0,31
250582	les Borges Blanques	3.538,836	24	0,000	0	3.538,836	23.379,528	0,15
430311	les Borges del Camp	15.528,107	63	0,000	0	15.528,107	16.289,239	0,95
1080272	les Cabanyes	0,000	0	0,000	0	0,000	6.699,974	0,00
1080863	les Franqueses del Vallès	9.121,056	60	0,000	0	9.121,056	69.664,854	0,13
170963	les Llosses	578,351	5	0,000	0	578,351	716,575	0,81
1081167	les Masies de Roda	2.743,811	12	0,000	0	2.743,811	8.810,048	0,31
1081173	les Masies de Voltregà	9.387,759	65	128,415	1	9.516,173	25.562,783	0,37
251522	les Oluges	1.542,350	28	269,276	1	1.811,626	4.467,782	0,41
431055	les Piles	619,033	12	0,000	0	619,033	2.847,767	0,22
171334	les Planes d'Hostoles	6,690	1	1.209,675	1	1.216,364	9.664,531	0,13
171390	les Preses	2.688,448	26	0,000	0	2.688,448	13.655,233	0,20
259062	les Valls d'Aguilar	1.756,002	17	2.268,689	23	4.024,691	4.172,656	0,96
252398	les Valls de Valira	4.503,939	41	2.283,788	24	6.787,727	8.702,448	0,78
170622	l'Escala	1.584,249	27	0,000	0	1.584,249	122.776,537	0,01
250812	l'Espluga Calba	869,912	16	0,000	0	869,912	3.397,329	0,26
430542	l'Espluga de Francolí	2.393,937	30	0,000	0	2.393,937	16.699,854	0,14
1080787	l'Espunyola	0,000	0	0,000	0	0,000	1.261,292	0,00
1082541	l'Esquirol	5.045,545	43	0,000	0	5.045,545	18.533,650	0,27
1080790	l'Estany	1.583,493	12	218,795	2	1.802,288	4.781,597	0,38
1081017	l'Hospitalet de Llobregat	1.305,405	14	0,000	0	1.305,405	145.881,244	0,01
251229	Linyola	1.972,719	30	0,000	0	1.972,719	17.265,544	0,11
170887	Lladó	0,000	0	0,000	0	0,000	6.552,954	0,00
251235	Lladorre	1.034,209	18	1.403,245	19	2.437,453	2.539,759	0,96
251240	Lladurs	1.396,497	5	0,000	0	1.396,497	1.696,432	0,82
170890	Llagostera	5.368,229	42	0,000	0	5.368,229	50.696,997	0,11
170904	Llambilles	746,701	10	0,000	0	746,701	4.617,501	0,16
170911	Llanars	2.218,812	20	0,000	0	2.218,812	4.201,227	0,53
170926	Llançà	1.630,160	28	134,443	1	1.764,602	51.802,623	0,03
251253	Llardecans	5.513,584	23	0,000	0	5.513,584	6.025,298	0,92
251266	Llavorsí	1.396,432	11	81,561	1	1.477,993	1.990,929	0,74
251207	Lleida	44.626,185	329	583,135	7	45.209,320	239.158,825	0,19
170932	Llers	284,699	5	0,000	0	284,699	10.485,438	0,03
251272	Lles de Cerdanya	716,468	11	0,000	0	716,468	3.018,502	0,24
1081075	Lliçà d'Amunt	1.415,217	22	0,000	0	1.415,217	114.916,489	0,01
1081081	Lliçà de Vall	9.668,530	50	0,000	0	9.668,530	70.264,694	0,14
251288	Llimiana	0,000	0	1.522,493	18	1.522,493	1.637,649	0,93
1081069	Llinars del Vallès	10.340,726	44	6.079,494	10	16.420,220	66.084,198	0,25
251291	Llobera	881,162	2	0,000	0	881,162	881,162	1,00
430733	Llorac	1.570,101	28	0,000	0	1.570,101	2.994,533	0,52
430748	Llorenç del Penedès	217,075	2	0,000	0	217,075	21.170,228	0,01
170950	Lloret de Mar	32.919,943	269	0,000	0	32.919,943	262.894,661	0,13
1081094	Lluçà	327,060	3	0,000	0	327,060	1.311,418	0,25
171024	Maçanet de Cabrenys	20,631	2	0,000	0	20,631	9.953,683	0,00
171030	Maçanet de la Selva	9.897,032	46	0,000	0	9.897,032	88.154,087	0,11
170979	Madremanya	1.212,081	5	371,890	6	1.583,971	3.644,821	0,43
170985	Maià de Montcal	0,000	0	0,000	0	0,000	4.646,232	0,00
251333	Maials	5.398,083	46	0,000	0	5.398,083	7.910,796	0,68
251305	Maldà	850,411	11	0,000	0	850,411	2.008,868	0,42
1081108	Malgrat de Mar	2.365,096	25	340,582	5	2.705,678	42.631,711	0,06
1081115	Malla	1.106,371	4	0,000	0	1.106,371	2.792,354	0,40
1081120	Manlleu	6.774,445	56	540,092	8	7.314,537	52.775,771	0,14
1081136	Manresa	22.231,061	290	1.230,140	29	23.461,201	116.318,701	0,20
430764	Marçà	2.650,467	24	286,449	5	2.936,917	3.046,904	0,96
430751	Margalef	1.845,957	18	0,000	0	1.845,957	1.940,412	0,95
1082423	Marganell	4.029,225	7	0,000	0	4.029,225	13.904,051	0,29
1081141	Martorell	12.664,838	108	259,025	3	12.923,862	44.545,616	0,29
1081154	Martorelles	2.742,184	42	0,000	0	2.742,184	27.733,709	0,10
430770	Mas de Barberans	831,639	14	0,000	0	831,639	4.532,799	0,18
171002	Masarac	0,000	0	0,000	0	0,000	4.317,570	0,00
430786	Masdenverge	296,845	10	0,000	0	296,845	5.931,254	0,05
430799	Masllorenç	0,000	0	0,000	0	0,000	9.305,629	0,00
430810	Maspujols	4.263,214	22	0,000	0	4.263,214	5.570,710	0,77
1081192	Masquefa	1.015,487	12	0,000	0	1.015,487	54.469,116	0,02
251312	Massalcoreig	2.395,273	31	0,000	0	2.395,273	3.988,305	0,60
171019	Massanes	1.976,262	4	0,000	0	1.976,262	12.519,688	0,16
251327	Massoteres	438,015	8	0,000	0	438,015	2.103,541	0,21
1081206	Matadepera	4.132,669	72	0,000	0	4.132,669	93.203,375	0,04
1081213	Mataró	18.721,255	146	133,371	2	18.854,625	166.646,159	0,11
	Medinyà	1.141,585	7	0,000	0	1.141,585	6.427,329	0,18
1081228	Mediona	0,000	0	0,000	0	0,000	40.031,490	0,00
251348	Menàrguens	3.257,681	28	0,000	0	3.257,681	8.156,331	0,40
170998	Meranges	835,404	11	0,000	0	835,404	2.508,588	0,33
171058	Mieres	0,000	0	37,598	1	37,598	2.275,207	0,02
251351	Miralcamp	7.487,701	41	0,000	0	7.487,701	19.034,274	0,39
430846	Miravet	3.311,498	24	0,000	0	3.311,498	4.523,109	0,73
1081385	Moià	3.764,653	34	81,705	1	3.846,358	36.768,551	0,10
1081234	Molins de Rei	365,789	5	0,000	0	365,789	51.125,196	0,01
251370	Mollerussa	17.527,132	108	0,000	0	17.527,132	52.452,465	0,33
171061	Mollet de Peralada	0,000	0	0,000	0	0,000	1.305,570	0,00
1081249	Mollet del Vallès	7.025,812	77	1.800,407	17	8.826,219	74.419,935	0,12
171077	Molló	877,001	9	0,000	0	877,001	7.793,409	0,11
1081287	Monistrol de Calders	1.335,026	23	0,000	0	1.335,026	16.172,740	0,08
1081271	Monistrol de Montserrat	6.068,213	55	0,000	0	6.068,213	12.501,973	0,49
171096	Montagut i Oix	838,586	5	434,128	6	1.272,714	4.895,809	0,26
430862	Montblanc	5.381,026	48	194,334	6	5.575,359	34.724,789	0,16
430884	Montbrió del Camp	8.518,737	46	0,000	0	8.518,737	12.174,810	0,70
1081252	Montcada i Reixac	14.140,673	123	159,858	4	14.300,532	72.505,888	0,20
1081304	Montclar	0,000	0	0,000	0	0,000	0,000	1,00
251399	Montellà i Martinet	5.140,586	57	0,000	0	5.140,586	7.078,688	0,73
1081311	Montesquiu	4.076,337	13	0,000	0	4.076,337	8.119,706	0,50
251403	Montferrer i Castellbò	13.661,619	70	0,000	0	13.661,619	16.262,486	0,84
430897	Montferri	5.524,316	13	0,000	0	5.524,316	6.031,607	0,92
251386	Montgai	2.413,687	30	0,000	0	2.413,687	6.247,619	0,39
1081265	Montgat	3.152,236	37	582,710	3	3.734,946	27.088,463	0,14
1081326	Montmajor	1.734,650	10	0,000	0	1.734,650	3.171,176	0,55
1081332	Montmaneu	3.755,030	18	0,000	0	3.755,030	3.755,030	1,00
1081350	Montmeló	7.623,700	41	0,000	0	7.623,700	29.860,334	0,26
251425	Montoliu de Lleida	5.949,060	27	0,000	0	5.949,060	6.380,282	0,93
251410	Montoliu de Segarra	1.458,996	31	0,000	0	1.458,996	3.876,983	0,38
251431	Montornès de Segarra	836,832	11	0,000	0	836,832	2.213,197	0,38
1081363	Montornès del Vallès	21.680,384	141	253,994	2	21.934,378	52.091,461	0,42
430918	Mont-ral	4.325,614	26	0,000	0	4.325,614	4.325,614	1,00
171100	Mont-ras	6.392,506	58	0,000	0	6.392,506	17.849,553	0,36
430923	Mont-roig del Camp	48.064,961	241	417,795	3	48.482,755	150.068,243	0,32
1081379	Montseny	966,939	4	0,000	0	966,939	1.370,875	0,71
430939	Móra d'Ebre	11.712,964	105	78,600	1	11.791,564	27.473,079	0,43
430944	Móra la Nova	3.619,502	26	0,000	0	3.619,502	14.621,596	0,25
1081290	Muntanyola	263,486	4	0,000	0	263,486	12.964,504	0,02
1081398	Mura	1.529,215	18	79,960	2	1.609,175	4.500,555	0,36
251459	Nalec	315,646	7	0,000	0	315,646	1.761,867	0,18
250254	Naut Aran	13.917,283	116	1.583,302	31	15.500,585	20.828,092	0,74
1081402	Navarcles	4.398,020	47	0,000	0	4.398,020	26.812,821	0,16
1081419	Navàs	5.798,467	56	175,080	1	5.973,547	23.377,080	0,26
171117	Navata	437,817	4	0,000	0	437,817	13.645,815	0,03
251462	Navès	804,395	7	0,000	0	804,395	2.073,822	0,39
430982	Nulles	393,161	5	33,956	1	427,117	3.869,922	0,11
251484	Odèn	1.911,380	4	0,000	0	1.911,380	1.911,380	1,00
1081430	Òdena	6.792,402	50	0,000	0	6.792,402	22.561,742	0,30
171122	Ogassa	1.951,544	10	0,000	0	1.951,544	2.183,857	0,89
1081458	Olèrdola	183,547	2	0,000	0	183,547	40.612,552	0,00
1081461	Olesa de Bonesvalls	0,000	0	0,000	0	0,000	31.490,669	0,00
1081477	Olesa de Montserrat	15.511,452	76	0,000	0	15.511,452	44.519,030	0,35
251497	Oliana	8.215,030	80	0,000	0	8.215,030	14.765,395	0,56
251500	Oliola	2.345,313	26	0,000	0	2.345,313	3.406,728	0,69
251517	Olius	2.727,619	30	0,000	0	2.727,619	13.347,157	0,20
1081483	Olivella	0,000	0	0,000	0	0,000	72.356,541	0,00
1081496	Olost	3.890,919	33	74,669	1	3.965,587	9.872,552	0,40
171143	Olot	13.493,108	147	127,959	1	13.621,067	116.315,986	0,12
1081445	Olvan	3.547,755	32	0,000	0	3.547,755	4.239,840	0,84
171156	Ordis	291,945	4	96,961	3	388,906	2.348,035	0,17
251556	Organyà	3.130,895	39	0,000	0	3.130,895	6.671,460	0,47
1081509	Orís	737,544	7	0,000	0	737,544	1.348,575	0,55
1081516	Oristà	3.132,392	22	0,000	0	3.132,392	5.741,739	0,55
1081521	Orpí	219,662	5	0,000	0	219,662	1.349,383	0,16
1081537	Òrrius	1.457,858	11	29,903	1	1.487,762	5.833,177	0,26
251569	Os de Balaguer	5.600,886	43	0,000	0	5.600,886	10.964,439	0,51
171169	Osor	956,017	4	0,000	0	956,017	3.496,170	0,27
251575	Ossó de Sió	2.147,510	44	0,000	0	2.147,510	4.383,455	0,49
1081542	Pacs del Penedès	0,000	0	0,000	0	0,000	4.699,799	0,00
1081555	Palafolls	10.800,548	52	0,000	0	10.800,548	39.561,082	0,27
171175	Palafrugell	23.115,939	220	945,379	8	24.061,318	108.371,926	0,22
171181	Palamós	716,832	10	0,000	0	716,832	63.564,042	0,01
171194	Palau de Santa Eulàlia	358,276	2	575,808	11	934,084	1.190,994	0,78
171215	Palau-sator	2.166,804	20	87,784	1	2.254,588	3.211,273	0,70
171208	Palau-saverdera	894,402	8	845,570	11	1.739,972	18.566,764	0,09
1081568	Palau-solità i Plegamans	5.592,899	65	0,000	0	5.592,899	101.547,118	0,06
1081574	Pallejà	8.760,817	98	273,108	3	9.033,925	43.966,822	0,21
171236	Palol de Revardit	3.263,504	22	89,586	1	3.353,090	8.255,143	0,41
171241	Pals	34.918,863	168	243,584	3	35.162,448	42.322,754	0,83
171254	Pardines	1.346,781	19	0,000	0	1.346,781	1.346,781	1,00
1081593	Parets del Vallès	8.622,227	61	0,000	0	8.622,227	64.605,588	0,13
171267	Parlavà	1.801,298	18	1.697,231	15	3.498,529	5.389,760	0,65
431016	Passanant i Belltall	1.285,755	31	0,000	0	1.285,755	1.346,418	0,95
171289	Pau	32,166	1	0,000	0	32,166	7.545,329	0,00
431021	Paüls	470,458	16	0,000	0	470,458	4.108,089	0,11
171292	Pedret i Marzà	0,000	0	0,000	0	0,000	2.360,783	0,00
251641	Penelles	1.283,994	21	0,000	0	1.283,994	3.288,226	0,39
1081607	Perafita	1.357,077	14	0,000	0	1.357,077	4.362,362	0,31
431037	Perafort	3.953,486	16	0,000	0	3.953,486	15.249,888	0,26
171328	Peralada	0,000	0	0,000	0	0,000	18.817,064	0,00
251654	Peramola	1.909,871	29	125,877	2	2.035,748	2.527,230	0,81
1081614	Piera	4.260,477	43	262,930	4	4.523,407	139.971,910	0,03
1081635	Pineda de Mar	32.972,769	207	16,703	1	32.989,472	82.040,357	0,40
251667	Pinell de Solsonès	376,021	5	0,000	0	376,021	543,161	0,69
251673	Pinós	1.700,969	21	0,000	0	1.700,969	2.035,560	0,84
431074	Pira	5.260,681	38	0,000	0	5.260,681	5.260,681	1,00
171349	Planoles	731,167	6	0,000	0	731,167	5.470,955	0,13
431129	Poboleda	3.499,081	33	0,000	0	3.499,081	4.027,766	0,87
1081672	Polinyà	2.076,678	16	227,528	2	2.304,206	29.124,851	0,08
171352	Pont de Molins	3.741,546	27	65,452	3	3.806,998	3.806,998	1,00
431418	Pontils	1.330,361	15	0,000	0	1.330,361	5.737,329	0,23
1081688	Pontons	199,488	1	0,000	0	199,488	8.261,513	0,02
171365	Pontós	2.103,877	14	0,000	0	2.103,877	2.103,877	1,00
251728	Ponts	1.832,211	27	0,000	0	1.832,211	13.164,220	0,14
171371	Porqueres	757,174	9	375,502	5	1.132,676	31.780,469	0,04
431140	Porrera	3.875,401	45	0,000	0	3.875,401	4.367,688	0,89
171387	Portbou	642,749	10	544,978	13	1.187,727	4.611,427	0,26
431153	Pradell de la Teixeta	1.789,158	18	0,000	0	1.789,158	1.789,158	1,00
431166	Prades	2.458,204	35	0,000	0	2.458,204	8.252,376	0,30
431172	Prat de Comte	456,540	5	0,000	0	456,540	1.908,712	0,24
431188	Pratdip	4.298,209	13	0,000	0	4.298,209	14.521,340	0,30
1081712	Prats de Lluçanès	3.502,568	32	0,000	0	3.502,568	10.753,297	0,33
251752	Prats i Sansor	2.600,899	10	0,000	0	2.600,899	12.356,208	0,21
251765	Preixana	1.226,151	14	0,000	0	1.226,151	4.166,481	0,29
251771	Preixens	1.569,738	25	0,000	0	1.569,738	4.206,006	0,37
1082303	Premià de Dalt	12.004,609	75	2.381,595	18	14.386,204	54.623,249	0,26
1081727	Premià de Mar	507,208	5	0,000	0	507,208	35.104,267	0,01
251790	Prullans	4.067,662	24	0,000	0	4.067,662	5.810,938	0,70
171411	Puigcerdà	8.605,143	80	237,388	3	8.842,532	37.030,747	0,24
1081748	Puigdàlber	0,000	0	0,000	0	0,000	4.146,487	0,00
251804	Puiggròs	687,939	8	0,000	0	687,939	2.432,420	0,28
431191	Puigpelat	13.667,359	54	0,000	0	13.667,359	13.667,359	1,00
1081751	Puig-reig	6.443,113	57	361,898	10	6.805,011	18.839,121	0,36
251811	Puigverd d'Agramunt	387,856	8	0,000	0	387,856	2.581,423	0,15
251826	Puigverd de Lleida	5.480,237	28	577,658	4	6.057,896	10.405,520	0,58
1081764	Pujalt	661,929	9	756,878	16	1.418,807	2.710,184	0,52
171426	Quart	56,144	2	0,000	0	56,144	21.449,928	0,00
170433	Queralbs	1.323,830	15	0,000	0	1.323,830	2.893,784	0,46
431205	Querol	1.741,806	11	47,032	1	1.788,838	53.472,855	0,03
171432	Rabós	0,000	0	0,000	0	0,000	2.531,027	0,00
1081786	Rajadell	2.502,139	24	0,000	0	2.502,139	5.150,657	0,49
431212	Rasquera	650,154	13	0,000	0	650,154	5.331,196	0,12
171447	Regencós	1.215,843	9	0,000	0	1.215,843	3.763,501	0,32
1081799	Rellinars	9.372,319	30	0,000	0	9.372,319	17.458,517	0,54
431227	Renau	287,991	2	0,000	0	287,991	1.029,242	0,28
431233	Reus	27.959,232	451	0,000	0	27.959,232	226.031,431	0,12
251832	Rialp	2.038,087	17	286,558	3	2.324,645	3.858,767	0,60
431251	Riba-roja d'Ebre	1.831,769	20	0,000	0	1.831,769	9.558,597	0,19
259059	Ribera d'Ondara	5.229,326	48	0,000	0	5.229,326	6.877,113	0,76
251850	Ribera d'Urgellet	5.431,911	42	473,299	4	5.905,210	7.207,769	0,82
171450	Ribes de Freser	3.180,718	41	278,903	2	3.459,621	7.414,597	0,47
171463	Riells i Viabrea	7.232,898	36	0,000	0	7.232,898	54.299,365	0,13
251863	Riner	2.662,609	19	0,000	0	2.662,609	3.081,862	0,86
171479	Ripoll	10.953,866	85	0,000	0	10.953,866	31.385,412	0,35
1081803	Ripollet	5.660,067	62	688,376	7	6.348,442	48.730,098	0,13
259139	Riu de Cerdanya	1.117,104	9	0,000	0	1.117,104	1.955,830	0,57
171485	Riudarenes	1.452,112	10	0,000	0	1.452,112	37.128,313	0,04
171498	Riudaura	2.260,406	11	0,000	0	2.260,406	2.522,796	0,90
431270	Riudecanyes	3.118,548	18	0,000	0	3.118,548	12.871,036	0,24
431286	Riudecols	1.049,885	5	0,000	0	1.049,885	6.107,229	0,17
171501	Riudellots de la Selva	720,055	7	0,000	0	720,055	20.521,486	0,04
431299	Riudoms	6.552,879	49	0,000	0	6.552,879	18.761,032	0,35
171518	Riumors	0,000	0	0,000	0	0,000	2.408,129	0,00
431303	Rocafort de Queralt	69,629	1	474,539	10	544,169	2.337,455	0,23
431310	Roda de Berà	11.716,688	148	113,394	2	11.830,082	99.158,526	0,12
1081831	Roda de Ter	3.833,803	36	0,000	0	3.833,803	24.751,363	0,15
431325	Rodonyà	8.557,522	31	0,000	0	8.557,522	14.155,399	0,60
431331	Roquetes	5.386,966	36	0,000	0	5.386,966	27.275,349	0,20
171523	Roses	12.444,948	161	0,000	0	12.444,948	113.443,866	0,11
251898	Rosselló	7.411,526	61	0,000	0	7.411,526	15.655,688	0,47
1081846	Rubí	11.635,549	167	254,910	8	11.890,459	252.679,938	0,05
1081859	Rubió	254,169	1	93,669	1	347,838	347,838	1,00
171539	Rupià	379,484	4	826,646	9	1.206,130	1.433,966	0,84
1089019	Rupit i Pruit	104,743	5	478,111	6	582,854	2.166,642	0,27
1081878	Sabadell	46.335,130	352	963,540	9	47.298,670	278.750,095	0,17
1081884	Sagàs	0,000	0	0,000	0	0,000	226,064	0,00
251902	Salàs de Pallars	660,412	10	0,000	0	660,412	3.739,314	0,18
1081901	Saldes	315,702	1	0,000	0	315,702	4.253,540	0,07
171544	Sales de Llierca	0,000	0	0,000	0	0,000	0,000	1,00
1081918	Sallent	9.676,151	101	1.159,451	13	10.835,602	32.524,472	0,33
431359	Salomó	2.945,956	19	0,000	0	2.945,956	4.933,381	0,60
439057	Salou	28.735,128	216	0,000	0	28.735,128	82.124,655	0,35
171557	Salt	399,256	5	0,000	0	399,256	35.024,160	0,01
251919	Sanaüja	1.385,703	18	0,000	0	1.385,703	4.553,595	0,30
1081944	Sant Adrià de Besòs	375,746	4	0,000	0	375,746	39.359,486	0,01
1081957	Sant Agustí de Lluçanès	1.720,365	9	0,000	0	1.720,365	1.720,365	1,00
1081960	Sant Andreu de la Barca	15.640,984	101	35,532	1	15.676,516	51.073,857	0,31
1081976	Sant Andreu de Llavaneres	21.447,796	100	559,211	8	22.007,007	64.796,510	0,34
171576	Sant Andreu Salou	170,083	2	0,000	0	170,083	170,083	1,00
171833	Sant Aniol de Finestres	260,858	3	0,000	0	260,858	1.417,882	0,18
1081982	Sant Antoni de Vilamajor	5.653,421	31	31,942	1	5.685,363	50.376,542	0,11
1081995	Sant Bartomeu del Grau	3.200,676	12	0,000	0	3.200,676	5.580,880	0,57
1082009	Sant Boi de Llobregat	20.285,219	231	730,215	10	21.015,434	126.910,953	0,17
1082016	Sant Boi de Lluçanès	2.523,267	19	1.273,488	13	3.796,756	6.660,913	0,57
431362	Sant Carles de la Ràpita	7.992,209	56	0,000	0	7.992,209	63.331,817	0,13
1082037	Sant Cebrià de Vallalta	15.034,874	47	0,000	0	15.034,874	35.904,838	0,42
1082021	Sant Celoni	29.931,629	178	0,000	0	29.931,629	69.848,039	0,43
1082042	Sant Climent de Llobregat	3.837,430	24	0,000	0	3.837,430	9.853,564	0,39
171582	Sant Climent Sescebes	0,000	0	0,000	0	0,000	4.677,788	0,00
1082055	Sant Cugat del Vallès	46.815,169	386	1.086,653	4	47.901,822	266.100,822	0,18
1082068	Sant Cugat Sesgarrigues	51,226	1	0,000	0	51,226	10.129,102	0,01
251961	Sant Esteve de la Sarga	3.582,164	52	0,000	0	3.582,164	3.719,634	0,96
1082074	Sant Esteve de Palautordera	3.194,181	22	0,000	0	3.194,181	16.856,421	0,19
1082080	Sant Esteve Sesrovires	40.053,254	140	0,000	0	40.053,254	49.369,826	0,81
171595	Sant Feliu de Buixalleu	6.936,547	25	0,000	0	6.936,547	18.100,503	0,38
1082107	Sant Feliu de Codines	1.306,400	21	0,000	0	1.306,400	32.875,676	0,04
171609	Sant Feliu de Guíxols	4.838,489	61	0,000	0	4.838,489	92.077,852	0,05
1082114	Sant Feliu de Llobregat	1,076	1	0,000	0	1,076	44.418,844	0,00
171616	Sant Feliu de Pallerols	1.362,418	11	0,000	0	1.362,418	8.612,662	0,16
1082129	Sant Feliu Sasserra	630,431	12	0,000	0	630,431	4.186,742	0,15
171621	Sant Ferriol	0,000	0	42,940	1	42,940	192,911	0,22
1082093	Sant Fost de Campsentelles	3.503,737	29	0,000	0	3.503,737	55.876,416	0,06
1082135	Sant Fruitós de Bages	17.650,834	163	915,173	10	18.566,006	64.412,322	0,29
171637	Sant Gregori	0,000	0	0,000	0	0,000	24.961,704	0,00
251924	Sant Guim de Freixenet	4.708,514	46	0,000	0	4.708,514	8.389,432	0,56
251977	Sant Guim de la Plana	964,454	26	0,000	0	964,454	2.765,469	0,35
171642	Sant Hilari Sacalm	814,750	13	0,000	0	814,750	28.844,209	0,03
1082153	Sant Hipòlit de Voltregà	1.406,202	11	51,588	1	1.457,790	14.495,129	0,10
1081939	Sant Iscle de Vallalta	7.867,730	21	70,718	1	7.938,448	15.273,418	0,52
1082166	Sant Jaume de Frontanyà	578,654	2	0,000	0	578,654	578,654	1,00
171655	Sant Jaume de Llierca	3.752,253	22	0,000	0	3.752,253	8.325,066	0,45
431378	Sant Jaume dels Domenys	184,639	3	0,000	0	184,639	23.098,263	0,01
439023	Sant Jaume d'Enveja	7.834,853	40	0,000	0	7.834,853	16.351,873	0,48
171674	Sant Joan de les Abadesses	5.261,581	37	0,000	0	5.261,581	11.681,859	0,45
171680	Sant Joan de Mollet	13,525	1	0,000	0	13,525	4.625,258	0,00
1082188	Sant Joan de Vilatorrada	3.177,571	35	279,431	3	3.457,002	22.629,930	0,15
1082172	Sant Joan Despí	66,527	2	0,000	0	66,527	46.401,441	0,00
171851	Sant Joan les Fonts	5.739,557	45	150,791	1	5.890,348	24.175,130	0,24
171668	Sant Jordi Desvalls	864,975	7	0,000	0	864,975	4.937,241	0,18
1089030	Sant Julià de Cerdanyola	3.085,124	33	0,000	0	3.085,124	3.085,124	1,00
171693	Sant Julià de Ramis	1.882,781	13	0,000	0	1.882,781	19.163,606	0,10
1082205	Sant Julià de Vilatorta	3.637,901	40	0,000	0	3.637,901	23.541,219	0,15
179032	Sant Julià del Llor i Bonmatí	0,000	0	0,000	0	0,000	7.714,351	0,00
1082212	Sant Just Desvern	348,785	12	0,000	0	348,785	50.523,373	0,01
171714	Sant Llorenç de la Muga	639,903	4	0,000	0	639,903	3.195,378	0,20
251930	Sant Llorenç de Morunys	3.581,438	27	597,640	19	4.179,078	6.835,196	0,61
1082227	Sant Llorenç d'Hortons	178,116	3	0,000	0	178,116	21.612,537	0,01
1082233	Sant Llorenç Savall	14.094,988	57	0,000	0	14.094,988	19.559,999	0,72
1082251	Sant Martí d'Albars	392,602	3	0,000	0	392,602	767,330	0,51
1082248	Sant Martí de Centelles	4.333,760	36	0,000	0	4.333,760	11.556,668	0,38
171729	Sant Martí de Llémena	328,698	6	0,000	0	328,698	8.116,477	0,04
259025	Sant Martí de Riucorb	2.511,187	30	0,000	0	2.511,187	7.159,389	0,35
1082264	Sant Martí de Tous	5.418,330	32	246,129	3	5.664,459	6.948,753	0,82
1082270	Sant Martí Sarroca	114,561	1	0,000	0	114,561	12.419,093	0,01
1082286	Sant Martí Sesgueioles	717,604	11	0,000	0	717,604	2.790,886	0,26
171735	Sant Martí Vell	465,732	2	0,000	0	465,732	2.241,576	0,21
1082299	Sant Mateu de Bages	5.466,888	19	0,000	0	5.466,888	5.554,963	0,98
171740	Sant Miquel de Campmajor	1.220,690	7	201,447	2	1.422,137	1.422,137	1,00
171753	Sant Miquel de Fluvià	1.648,332	8	0,000	0	1.648,332	7.577,603	0,22
171766	Sant Mori	2.040,342	15	0,000	0	2.040,342	2.040,342	1,00
171772	Sant Pau de Segúries	4.365,499	23	0,000	0	4.365,499	5.214,222	0,84
1082310	Sant Pere de Ribes	573,468	10	0,000	0	573,468	114.495,858	0,01
1082325	Sant Pere de Riudebitlles	16,941	1	0,000	0	16,941	10.707,537	0,00
1082331	Sant Pere de Torelló	1.880,922	17	0,000	0	1.880,922	13.786,428	0,14
1082346	Sant Pere de Vilamajor	1.340,461	16	0,000	0	1.340,461	60.745,559	0,02
171788	Sant Pere Pescador	4.251,415	54	0,000	0	4.251,415	17.303,281	0,25
1081897	Sant Pere Sallavinera	1.182,525	19	0,000	0	1.182,525	1.529,627	0,77
1082359	Sant Pol de Mar	6.016,833	47	0,000	0	6.016,833	25.514,616	0,24
1082362	Sant Quintí de Mediona	0,000	0	0,000	0	0,000	10.970,957	0,00
1082378	Sant Quirze de Besora	4.400,418	21	94,658	1	4.495,076	12.213,668	0,37
1082384	Sant Quirze del Vallès	22.105,622	173	3.337,480	7	25.443,102	94.676,910	0,27
1082397	Sant Quirze Safaja	2.576,583	15	0,000	0	2.576,583	16.874,897	0,15
251945	Sant Ramon	2.484,187	42	0,000	0	2.484,187	5.600,984	0,44
1082401	Sant Sadurní d'Anoia	0,000	0	0,000	0	0,000	34.705,535	0,00
1082418	Sant Sadurní d'Osormort	93,241	1	0,000	0	93,241	637,976	0,15
1080983	Sant Salvador de Guardiola	22.065,737	67	183,822	3	22.249,559	45.509,131	0,49
1082628	Sant Vicenç de Castellet	7.064,300	53	0,000	0	7.064,300	34.092,289	0,21
1082649	Sant Vicenç de Montalt	24.672,859	123	1.164,163	11	25.837,021	53.441,980	0,48
1082652	Sant Vicenç de Torelló	2.303,388	19	243,694	3	2.547,081	12.866,995	0,20
1082634	Sant Vicenç dels Horts	4.872,678	104	63,791	1	4.936,469	76.471,969	0,06
431384	Santa Bàrbara	1.984,043	26	0,000	0	1.984,043	32.295,790	0,06
1082439	Santa Cecília de Voltregà	600,306	5	0,000	0	600,306	600,306	1,00
1082444	Santa Coloma de Cervelló	1.485,266	23	0,000	0	1.485,266	35.004,807	0,04
171805	Santa Coloma de Farners	21,784	1	0,000	0	21,784	55.207,886	0,00
1082457	Santa Coloma de Gramenet	1.325,439	12	136,647	2	1.462,086	68.892,335	0,02
431397	Santa Coloma de Queralt	6.057,169	46	352,306	16	6.409,476	20.741,871	0,31
171812	Santa Cristina d'Aro	9.326,583	33	0,000	0	9.326,583	78.380,375	0,12
1082460	Santa Eugènia de Berga	2.474,196	27	0,000	0	2.474,196	11.850,026	0,21
1082476	Santa Eulàlia de Riuprimer	1.908,302	18	0,000	0	1.908,302	5.453,256	0,35
1082482	Santa Eulàlia de Ronçana	1.216,202	10	94,364	1	1.310,566	71.350,782	0,02
1082495	Santa Fe del Penedès	0,000	0	0,000	0	0,000	1.232,496	0,00
171827	Santa Llogaia d'Àlguema	37,030	2	0,000	0	37,030	5.793,070	0,01
1082508	Santa Margarida de Montbui	4.949,028	32	160,500	2	5.109,528	22.766,235	0,22
1082515	Santa Margarida i els Monjos	136,100	2	0,000	0	136,100	27.004,167	0,01
1082536	Santa Maria de Besora	0,000	0	0,000	0	0,000	1.148,129	0,00
1082567	Santa Maria de Martorelles	848,709	7	0,000	0	848,709	5.484,586	0,15
1082554	Santa Maria de Merlès	237,669	4	0,000	0	237,669	237,669	1,00
1082573	Santa Maria de Miralles	0,000	0	0,000	0	0,000	459,427	0,00
1082592	Santa Maria de Palautordera	8.462,415	78	0,000	0	8.462,415	60.306,947	0,14
1082589	Santa Maria d'Oló	1.152,899	13	0,000	0	1.152,899	6.376,452	0,18
431401	Santa Oliva	46,061	4	0,000	0	46,061	29.398,451	0,00
171848	Santa Pau	454,300	4	342,855	3	797,155	8.370,324	0,10
1082606	Santa Perpètua de Mogoda	10.853,488	100	56,295	1	10.909,783	88.495,295	0,12
1082613	Santa Susanna	18.139,033	112	64,625	1	18.203,658	44.330,144	0,41
1081923	Santpedor	12.006,385	115	0,000	0	12.006,385	36.204,681	0,33
431423	Sarral	441,744	11	219,453	3	661,197	10.188,824	0,06
171864	Sarrià de Ter	266,276	5	0,000	0	266,276	23.887,510	0,01
252017	Sarroca de Bellera	2.221,137	28	0,000	0	2.221,137	3.573,635	0,62
252000	Sarroca de Lleida	542,730	7	0,000	0	542,730	2.112,513	0,26
171870	Saus	6811,231701	49,000	0	0,000	6.811,232	11.054,031	0,62
431439	Savallà del Comtat	231,026	7	0,000	0	231,026	2.060,117	0,11
431460	Senan	172,798	4	0,000	0	172,798	586,431	0,29
252022	Senterada	776,725	6	0,000	0	776,725	1.210,016	0,64
1082671	Sentmenat	6.502,365	46	0,000	0	6.502,365	46.169,861	0,14
171903	Serinyà	1.024,406	12	0,000	0	1.024,406	7.883,725	0,13
252043	Seròs	4.620,539	29	0,000	0	4.620,539	7.437,893	0,62
171910	Serra de Daró	1.407,105	13	0,000	0	1.407,105	3.879,802	0,36
171925	Setcases	231,892	2	0,000	0	231,892	2.638,794	0,09
1082690	Seva	5.250,955	63	0,000	0	5.250,955	56.575,740	0,09
252056	Sidamon	2.215,020	21	0,000	0	2.215,020	5.410,111	0,41
171931	Sils	1.782,790	26	262,051	2	2.044,841	53.756,711	0,04
1082704	Sitges	434,772	6	0,000	0	434,772	101.888,580	0,00
170524	Siurana	970,930	8	451,136	7	1.422,067	2.028,832	0,70
1082711	Sobremunt	1.088,276	9	0,000	0	1.088,276	1.088,276	1,00
431476	Solivella	4.507,154	35	0,000	0	4.507,154	4.507,154	1,00
252075	Solsona	4.388,502	66	0,000	0	4.388,502	34.115,360	0,13
1082726	Sora	3.233,113	25	0,000	0	3.233,113	4.094,847	0,79
252081	Soriguera	4.022,459	48	627,149	7	4.649,608	4.649,608	1,00
252094	Sort	9.111,829	130	1.411,250	12	10.523,078	16.253,823	0,65
252108	Soses	1.956,040	13	0,000	0	1.956,040	4.603,773	0,42
1082732	Subirats	0,000	0	0,000	0	0,000	30.487,550	0,00
252115	Sudanell	1.963,998	26	112,026	1	2.076,024	6.929,785	0,30
252120	Sunyer	1.815,054	11	0,000	0	1.815,054	2.344,034	0,77
1082747	Súria	4.439,322	44	402,947	5	4.842,269	17.976,338	0,27
171946	Susqueda	0,000	0	0,000	0	0,000	0,000	1,00
1082763	Tagamanent	614,518	5	0,000	0	614,518	6.557,570	0,09
1082779	Talamanca	446,803	8	0,000	0	446,803	5.134,667	0,09
252154	Talarn	8.633,586	42	53,833	2	8.687,419	10.618,262	0,82
252167	Talavera	4.278,137	39	272,486	2	4.550,623	5.749,604	0,79
1082785	Taradell	6.433,679	42	0,000	0	6.433,679	35.479,104	0,18
431482	Tarragona	84.249,168	770	135,238	2	84.384,406	284.621,969	0,30
252173	Tàrrega	8.002,141	117	276,392	6	8.278,533	61.672,729	0,13
252189	Tarrés	531,654	5	0,000	0	531,654	1.661,457	0,32
252192	Tarroja de Segarra	101,032	4	0,000	0	101,032	2.054,755	0,05
1082750	Tavèrnoles	213,254	2	0,000	0	213,254	2.012,226	0,11
1082802	Tavertet	545,258	11	0,000	0	545,258	1.832,243	0,30
1082819	Teià	3.593,841	42	0,000	0	3.593,841	31.623,087	0,11
252206	Térmens	6.633,602	37	0,000	0	6.633,602	10.695,711	0,62
171962	Terrades	343,828	1	0,000	0	343,828	2.210,706	0,16
1082798	Terrassa	40.471,362	348	1.347,522	7	41.818,885	372.418,819	0,11
1082824	Tiana	976,203	7	46,799	1	1.023,003	27.632,152	0,04
252213	Tírvia	44,294	1	1.246,346	14	1.290,640	1.699,794	0,76
252228	Tiurana	590,812	7	0,000	0	590,812	863,511	0,68
431495	Tivenys	640,645	14	0,000	0	640,645	4.508,404	0,14
431508	Tivissa	5.353,180	65	0,000	0	5.353,180	8.642,655	0,62
1082830	Tona	3.069,910	40	331,421	5	3.401,331	39.682,774	0,09
252234	Torà	2.573,451	30	0,000	0	2.573,451	9.110,895	0,28
1082845	Tordera	54.525,628	193	131,363	4	54.656,991	102.613,823	0,53
1082858	Torelló	4.851,634	56	861,237	2	5.712,871	49.346,993	0,12
252252	Tornabous	2.672,699	14	0,000	0	2.672,699	5.589,928	0,48
252265	Torrebesses	3.323,738	28	0,000	0	3.323,738	3.323,738	1,00
431536	Torredembarra	8.380,595	108	513,963	6	8.894,558	79.243,669	0,11
252287	Torrefarrera	15.814,879	74	414,324	3	16.229,202	23.655,145	0,69
259078	Torrefeta i Florejacs	3.868,416	69	0,000	0	3.868,416	9.830,171	0,39
252304	Torregrossa	12.035,548	59	27,800	1	12.063,349	12.988,607	0,93
252311	Torrelameu	0,000	0	1.109,800	11	1.109,800	3.765,237	0,29
1082877	Torrelavit	481,684	4	0,000	0	481,684	10.713,654	0,04
1082883	Torrelles de Foix	0,000	0	0,000	0	0,000	24.550,125	0,00
1082896	Torrelles de Llobregat	9.962,953	73	95,410	1	10.058,363	46.352,730	0,22
171978	Torrent	5.749,360	15	0,000	0	5.749,360	5.749,360	1,00
252326	Torres de Segre	3.656,060	20	40,731	1	3.696,791	15.184,710	0,24
252332	Torre-serona	1.912,074	8	0,000	0	1.912,074	4.861,276	0,39
171984	Torroella de Fluvià	7.621,318	40	0,000	0	7.621,318	8.195,936	0,93
171997	Torroella de Montgrí	6.072,423	76	99,930	2	6.172,353	77.495,382	0,08
431541	Torroja del Priorat	3.056,683	19	0,000	0	3.056,683	3.056,683	1,00
172001	Tortellà	38,371	2	0,000	0	38,371	4.723,185	0,01
431554	Tortosa	37.957,635	215	0,000	0	37.957,635	97.030,555	0,39
172018	Toses	4.878,011	30	26,793	1	4.904,804	4.904,804	1,00
172023	Tossa de Mar	10.891,231	71	0,000	0	10.891,231	53.492,386	0,20
252347	Tremp	18.269,543	148	546,743	9	18.816,287	32.029,437	0,59
172044	Ullà	1.082,872	15	0,000	0	1.082,872	8.104,969	0,13
1082900	Ullastrell	3.930,785	21	0,000	0	3.930,785	12.402,093	0,32
172057	Ullastret	534,284	7	2.124,116	20	2.658,400	4.020,915	0,66
431567	Ulldecona	3.157,007	20	0,000	0	3.157,007	33.982,438	0,09
431573	Ulldemolins	1.294,257	11	0,000	0	1.294,257	5.729,212	0,23
172039	Ultramort	2.176,136	19	0,000	0	2.176,136	3.488,142	0,62
172060	Urús	623,409	11	0,000	0	623,409	4.875,736	0,13
1082917	Vacarisses	32.770,897	216	0,000	0	32.770,897	89.337,595	0,37
259010	Vall de Cardós	1.475,424	11	0,000	0	1.475,424	1.475,424	1,00
1082922	Vallbona d'Anoia	2.724,741	20	30,827	1	2.755,568	9.926,190	0,28
252385	Vallbona de les Monges	798,831	6	0,000	0	798,831	3.188,848	0,25
1082938	Vallcebre	1.444,757	12	0,000	0	1.444,757	1.969,347	0,73
431589	Vallclara	897,048	9	0,000	0	897,048	897,048	1,00
252402	Vallfogona de Balaguer	5.477,110	42	0,000	0	5.477,110	16.742,728	0,33
171707	Vallfogona de Ripollès	1.490,060	7	0,000	0	1.490,060	2.738,891	0,54
431592	Vallfogona de Riucorb	1.419,989	23	0,000	0	1.419,989	2.197,835	0,65
1082943	Vallgorguina	32.060,669	85	78,397	1	32.139,066	36.357,842	0,88
1082956	Vallirana	27.027,059	100	0,000	0	27.027,059	109.876,563	0,25
172095	Vall-llobrega	62,174	2	0,000	0	62,174	15.340,110	0,00
431606	Vallmoll	11.730,922	52	0,000	0	11.730,922	13.318,816	0,88
1082969	Vallromanes	5.790,569	29	138,128	2	5.928,697	31.080,179	0,19
431613	Valls	24.723,936	143	0,000	0	24.723,936	91.828,726	0,27
431628	Vandellòs i l'Hospitalet de l'Infant	22.359,255	128	1.489,728	11	23.848,982	48.173,233	0,50
1082975	Veciana	1.744,618	14	272,521	3	2.017,139	2.017,139	1,00
172109	Ventalló	2.644,982	22	756,592	7	3.401,574	11.281,027	0,30
252424	Verdú	3.063,478	28	0,000	0	3.063,478	6.560,355	0,47
172116	Verges	202,988	3	0,000	0	202,988	6.200,048	0,03
431649	Vespella de Gaià	3.866,995	9	0,000	0	3.866,995	10.171,970	0,38
1082981	Vic	19.845,103	172	2.462,862	21	22.307,966	118.072,261	0,19
172121	Vidrà	1.016,795	10	0,000	0	1.016,795	1.839,820	0,55
172137	Vidreres	9.373,332	66	0,000	0	9.373,332	88.284,855	0,11
252430	Vielha e Mijaran	11.731,877	92	161,966	1	11.893,843	20.049,849	0,59
431652	Vilabella	5.676,929	42	0,000	0	5.676,929	5.676,929	1,00
172142	Vilabertran	0,000	0	0,000	0	0,000	3.296,136	0,00
172155	Vilablareix	331,801	3	0,000	0	331,801	25.517,177	0,01
1082994	Vilada	1.857,698	18	0,000	0	1.857,698	5.111,994	0,36
172174	Viladamat	852,187	8	513,752	7	1.365,939	5.202,415	0,26
172168	Viladasens	408,731	3	541,244	7	949,975	1.369,358	0,69
1083015	Viladecans	15.123,553	152	419,386	4	15.542,939	95.374,061	0,16
1083008	Viladecavalls	7.827,272	95	0,000	0	7.827,272	52.680,748	0,15
172180	Vilademuls	2.257,167	13	3.120,874	31	5.378,042	5.378,042	1,00
172207	Viladrau	7.202,427	50	0,000	0	7.202,427	21.015,221	0,34
172214	Vilafant	322,226	6	0,000	0	322,226	31.544,364	0,01
1083054	Vilafranca del Penedès	458,939	5	0,000	0	458,939	78.403,987	0,01
252445	Vilagrassa	1.108,623	13	0,000	0	1.108,623	5.361,095	0,21
172235	Vilajuïga	0,000	0	0,000	0	0,000	7.838,077	0,00
431750	Vilalba dels Arcs	2.826,479	27	0,000	0	2.826,479	4.617,144	0,61
1083067	Vilalba Sasserra	3.637,498	21	0,000	0	3.637,498	3.637,498	1,00
252458	Vilaller	3.425,873	29	0,000	0	3.425,873	7.165,612	0,48
172240	Vilallonga de Ter	3.795,984	21	278,027	2	4.074,010	4.074,010	1,00
431665	Vilallonga del Camp	4.367,251	46	13,317	1	4.380,568	10.306,739	0,43
172253	Vilamacolum	1.382,477	12	0,000	0	1.382,477	4.800,219	0,29
172266	Vilamalla	0,000	0	0,000	0	0,000	19.875,211	0,00
172272	Vilamaniscle	44,658	1	0,000	0	44,658	2.994,819	0,01
252477	Vilamòs	1.121,951	11	0,000	0	1.121,951	1.121,951	1,00
172288	Vilanant	1.492,451	14	0,000	0	1.492,451	4.979,680	0,30
252483	Vilanova de Bellpuig	8.193,065	36	0,000	0	8.193,065	8.193,065	1,00
252542	Vilanova de la Barca	7.378,070	31	0,000	0	7.378,070	9.845,290	0,75
252496	Vilanova de l'Aguda	1.001,114	15	0,000	0	1.001,114	3.016,289	0,33
252509	Vilanova de Meià	2.128,765	29	803,923	14	2.932,688	6.373,619	0,46
431687	Vilanova de Prades	1.593,175	17	0,000	0	1.593,175	1.593,175	1,00
1083036	Vilanova de Sau	372,701	7	0,000	0	372,701	1.684,810	0,22
252516	Vilanova de Segrià	3.774,422	26	0,000	0	3.774,422	10.068,144	0,37
1083020	Vilanova del Camí	5.708,343	38	0,000	0	5.708,343	35.976,274	0,16
1089024	Vilanova del Vallès	26.088,000	79	0,000	0	26.088,000	53.961,361	0,48
431671	Vilanova d'Escornalbou	4.568,013	32	0,000	0	4.568,013	4.568,013	1,00
1083073	Vilanova i la Geltrú	398,089	9	0,000	0	398,089	156.678,643	0,00
431690	Vilaplana	1.683,766	17	0,000	0	1.683,766	2.794,851	0,60
431704	Vila-rodona	6.035,296	23	0,000	0	6.035,296	9.124,180	0,66
172305	Vila-sacra	0,000	0	0,000	0	0,000	4.909,392	0,00
252521	Vila-sana	3.690,650	14	0,000	0	3.690,650	8.178,294	0,45
431711	Vila-seca	9.761,707	36	0,000	0	9.761,707	54.715,463	0,18
1082140	Vilassar de Dalt	11.482,944	62	704,702	8	12.187,646	36.239,656	0,34
1082191	Vilassar de Mar	4.229,576	40	310,711	4	4.540,287	30.202,911	0,15
172229	Vilaür	920,444	7	988,750	13	1.909,195	2.886,136	0,66
431726	Vilaverd	3.737,824	30	299,094	1	4.036,918	4.036,918	1,00
1083041	Vilobí del Penedès	0,000	0	13,380	1	13,380	13.543,310	0,00
172333	Vilobí d'Onyar	2.926,701	16	0,000	0	2.926,701	23.603,181	0,12
172327	Vilopriu	3.094,227	15	477,296	4	3.571,523	3.724,022	0,96
431763	Vimbodí i Poblet	7.333,244	53	0,000	0	7.333,244	8.333,251	0,88
252555	Vinaixa	3.116,801	28	0,000	0	3.116,801	3.724,393	0,84
431779	Vinebre	457,931	12	0,000	0	457,931	3.986,262	0,11
431785	Vinyols i els Arcs	2.391,845	27	0,000	0	2.391,845	12.974,861	0,18
1083089	Viver i Serrateix	0,000	0	202,719	1	202,719	202,719	1,00
430521	Xerta	548,500	4	18,793	1	567,293	4.488,715	0,13
								
								
